(1.25, 0.25, 0.00), (0.62, 0.25, 1.08), (0.62, 0.25, 1.08)
(-0.63, 0.25, 1.08), (-0.63, 0.25, 1.08), (-1.25, 0.25, 0.00)
(-1.25, 0.25, 0.00), (-0.62, 0.25, -1.08), (-0.62, 0.25, -1.08)
(0.62, 0.25, -1.08), (0.62, 0.25, -1.08), (1.25, 0.25, 0.00)
(1.25, 0.25, 0.00), (0.00, 0.25, 0.00), (0.62, 0.25, 1.08)
(0.62, 0.25, 1.08), (0.00, 0.25, 0.00), (-0.63, 0.25, 1.08)
(-0.63, 0.25, 1.08), (0.00, 0.25, 0.00), (-1.25, 0.25, 0.00)
(-1.25, 0.25, 0.00), (0.00, 0.25, 0.00), (-0.62, 0.25, -1.08)
(-0.62, 0.25, -1.08), (0.00, 0.25, 0.00), (0.62, 0.25, -1.08)
(0.62, 0.25, -1.08), (0.00, 0.25, 0.00), (1.25, 0.25, 0.00)

---------------------------------------------------------------------

(1.25, 90.00, 0.00), (1.25, 90.50, 0.00), (0.62, 90.00, 1.08)
(0.62, 90.50, 1.08), (0.62, 90.00, 1.08), (0.62, 90.50, 1.08)
(-0.63, 90.00, 1.08), (-0.63, 90.50, 1.08), (-0.63, 90.00, 1.08)
(-0.63, 90.50, 1.08), (-1.25, 90.00, 0.00), (-1.25, 90.50, 0.00)
(-1.25, 90.00, 0.00), (-1.25, 90.50, 0.00), (-0.62, 90.00, -1.08)
(-0.62, 90.50, -1.08), (-0.62, 90.00, -1.08), (-0.62, 90.50, -1.08)
(0.62, 90.00, -1.08), (0.62, 90.50, -1.08), (0.62, 90.00, -1.08)
(0.62, 90.50, -1.08), (1.25, 90.00, 0.00), (1.25, 90.50, 0.00)
(1.25, 90.00, 0.00), (0.00, 90.00, 0.00), (0.62, 90.00, 1.08)
(1.25, 90.50, 0.00), (0.00, 90.50, 0.00), (0.62, 90.50, 1.08)
(0.62, 90.00, 1.08), (0.00, 90.00, 0.00), (-0.63, 90.00, 1.08)
(0.62, 90.50, 1.08), (0.00, 90.50, 0.00), (-0.63, 90.50, 1.08)
(-0.63, 90.00, 1.08), (0.00, 90.00, 0.00), (-1.25, 90.00, 0.00)
(-0.63, 90.50, 1.08), (0.00, 90.50, 0.00), (-1.25, 90.50, 0.00)
(-1.25, 90.00, 0.00), (0.00, 90.00, 0.00), (-0.62, 90.00, -1.08)
(-1.25, 90.50, 0.00), (0.00, 90.50, 0.00), (-0.62, 90.50, -1.08)
(-0.62, 90.00, -1.08), (0.00, 90.00, 0.00), (0.62, 90.00, -1.08)
(-0.62, 90.50, -1.08), (0.00, 90.50, 0.00), (0.62, 90.50, -1.08)
(0.62, 90.00, -1.08), (0.00, 90.00, 0.00), (1.25, 90.00, 0.00)
(0.62, 90.50, -1.08), (0.00, 90.50, 0.00), (1.25, 90.50, 0.00),
